local Player = owner
local Char = Player.Character
local Hum = Char:WaitForChild("Humanoid")
local RootPart = Char:WaitForChild("HumanoidRootPart")
local Torso = Char:WaitForChild("Torso")
local Head = Char:WaitForChild("Head")
local RA = Char:WaitForChild("Right Arm")
local LA = Char:WaitForChild("Left Arm")
local RL = Char:WaitForChild("Right Leg")
local LL = Char:WaitForChild("Left Leg")
local RunningAnims = {}
local Animating = {}
local PauseAnims = {}

local function tick()
	return os.clock()
end

local function wait(Num)
	local CurrentTick = tick()
	repeat
		game:GetService("RunService").Stepped:Wait()
	until tick() >= CurrentTick + (Num or 0)
end

local function spawn(Func)
	coroutine.wrap(Func)()
end

function CreateWeld(PropertyTable)
	local Weld = Instance.new("Weld")
	Weld.Parent = PropertyTable.Parent
	Weld.Part0 = PropertyTable.Part0
	Weld.Part1 = PropertyTable.Part1
	Weld.C0 = PropertyTable.C0 or CFrame.new()
	return Weld
end

function SetTween(Instance,PropertyTable,Style,Direction,Time)
	Style = Enum.EasingStyle[Style]
	Direction = Enum.EasingDirection[Direction]
	local Info = TweenInfo.new(
		Time,
		Style,
		Direction,
		0,
		false,
		0
	)
	local TweenAnim = game:GetService("TweenService"):Create(Instance,Info,PropertyTable)
	TweenAnim:Play()
	return TweenAnim
end

-- Keyframe Order: Time Position, RJ, Neck, RS, LS, RH, LH

function PlayAnimation(AnimationTable,Priority,TweenTime,Looped,Speed,WaitUntilFinish,FunctionsAfterTime)
	local function Start()
		Priority = Priority or 1
		Speed = Speed or 1
		local Joints = {RJ,Neck,RS,LS,RH,LH,Grip} -- Don't change the first 6 elements. Any tool welds can be added afterward, like "Grip".
		local Id = tick().."/"..tostring(Looped).."|"..Priority
		table.insert(RunningAnims,Id)
		local PausedAnimIDs = {}
		local WaitForAnim
		local Delete = {}
		for v, Anim in pairs(RunningAnims) do
			if Anim ~= Id then
				for i = 2, #AnimationTable[1] do
					if AnimationTable[1][i] and table.find(Animating,tostring(Joints[i - 1].Part1)..Anim) and not table.find(PauseAnims,tostring(Joints[i - 1].Part1)..Anim) then
						if tonumber(string.sub(Anim,string.find(Anim,"|") + 1)) > Priority then
							table.insert(PauseAnims,tostring(Joints[i - 1].Part1)..Id)
							if string.sub(Anim,string.find(Anim,"/") + 1,string.find(Anim,"|") - 1) ~= "true" then
								WaitForAnim = Anim
							end
						elseif tonumber(string.sub(Anim,string.find(Anim,"|") + 1)) <= Priority then
							table.insert(PauseAnims,tostring(Joints[i - 1].Part1)..Anim)
							if not table.find(PausedAnimIDs,Anim) then
								table.insert(PausedAnimIDs,Anim)
							end
						end
					end
				end
				local AnimatingNum = 0
				local PausedNum = 0
				for _, Joint in pairs(Joints) do
					if table.find(Animating,tostring(Joint.Part1)..Anim) then
						AnimatingNum += 1
					end
					if table.find(PauseAnims,tostring(Joint.Part1)..Anim) then
						PausedNum += 1
					end
				end
				if table.find(RunningAnims,Anim) and (PausedNum == AnimatingNum or string.sub(Anim,string.find(Anim,"/") + 1,string.find(Anim,"|") - 1) == "true") then
					table.insert(Delete,Anim)
					if table.find(PausedAnimIDs,Anim) then
						table.remove(PausedAnimIDs,table.find(PausedAnimIDs,Anim))
					end
				end
			end
		end
		for _, Anim in pairs(Delete) do
			table.remove(RunningAnims,table.find(RunningAnims,Anim))
		end
		local Loops = 0
		local TablesCompleted = {}
		repeat
			local Tween
			local CurrentTimePos = AnimationTable[1][1]
			local TweenTime = TweenTime or .1
			for v, Keyframe in pairs(AnimationTable) do
				for i = 2, #Keyframe do
					if Keyframe[i] and table.find(RunningAnims,Id) then
						if not table.find(PauseAnims,tostring(Joints[i - 1].Part1)..Id) then
							if typeof(Keyframe[i]) == "CFrame" then
								if v == 1 then
									if Loops < 1 then
										Tween = SetTween(Joints[i - 1],{C0 = Keyframe[i]},"Linear","In",TweenTime)
									else
										Tween = SetTween(Joints[i - 1],{C0 = Keyframe[i]},"Linear","In",.05 / Speed)
									end
								else
									Tween = SetTween(Joints[i - 1],{C0 = Keyframe[i]},"Linear","In",(Keyframe[1] - CurrentTimePos) / Speed)
								end
							else
								Joints[i - 1].Part0 = Keyframe[i][1]
								if v == 1 then
									if Loops < 1 then
										SetTween(Joints[i - 1],{C0 = Keyframe[i][2]},"Linear","In",0)
									else
										Tween = SetTween(Joints[i - 1],{C0 = Keyframe[i][2]},"Linear","In",.05 / Speed)
									end
								else
									Tween = SetTween(Joints[i - 1],{C0 = Keyframe[i][2]},"Linear","In",(Keyframe[1] - CurrentTimePos) / Speed)
								end
							end
						end
						if not table.find(Animating,tostring(Joints[i - 1].Part1)..Id) then
							table.insert(Animating,tostring(Joints[i - 1].Part1)..Id)
						end
					end
				end
				while Tween and Tween.PlaybackState ~= Enum.PlaybackState.Completed do
					if WaitForAnim and not table.find(RunningAnims,WaitForAnim) then
						WaitForAnim = nil
						for _, Joint in pairs(Joints) do
							if table.find(PauseAnims,tostring(Joint.Part1)..Id) then
								table.remove(PauseAnims,table.find(PauseAnims,tostring(Joint.Part1)..Id))
							end
						end
					end
					local AnimatingNum = 0
					local PausedNum = 0
					for _, Joint in pairs(Joints) do
						if table.find(Animating,tostring(Joint.Part1)..Id) then
							AnimatingNum += 1
						end
						if table.find(PauseAnims,tostring(Joint.Part1)..Id) then
							PausedNum += 1
						end
					end
					if PausedNum == AnimatingNum and table.find(RunningAnims,Id) then
						table.remove(RunningAnims,table.find(RunningAnims,Id))
					end
					if not table.find(RunningAnims,Id) then
						break
					end
					wait()
				end
				if FunctionsAfterTime and #FunctionsAfterTime > 0 then
					for _, Table in pairs(FunctionsAfterTime) do
						if Keyframe[1] >= Table[1] and not table.find(TablesCompleted,Table) then
							spawn(Table[2])
							table.insert(TablesCompleted,Table)
						end
					end
				end
				for i = 2, #Keyframe do
					if Keyframe[i] and AnimationTable[v + 1] and AnimationTable[v + 1][i] == false and table.find(RunningAnims,Id) then
						local LaterKeyframe
						local LaterTimePos
						for _, Keyframe in pairs({table.unpack(AnimationTable,v + 2)}) do
							if Keyframe[i] then
								LaterKeyframe = Keyframe
								LaterTimePos = Keyframe[1]
								break
							end
						end
						if LaterTimePos then
							if not table.find(PauseAnims,tostring(Joints[i - 1].Part1)..Id) then
								if typeof(Keyframe[i]) == "CFrame" then
									SetTween(Joints[i - 1],{C0 = LaterKeyframe[i]},"Linear","In",(LaterTimePos - Keyframe[1]) / Speed)
								else
									Joints[i - 1].Part0 = Keyframe[i][1]
									SetTween(Joints[i - 1],{C0 = LaterKeyframe[i][2]},"Linear","In",(LaterTimePos - Keyframe[1]) / Speed)
								end
							end
							if not table.find(Animating,tostring(Joints[i - 1].Part1)..Id) then
								table.insert(Animating,tostring(Joints[i - 1].Part1)..Id)
							end
						end
					end
				end
				CurrentTimePos = Keyframe[1]
			end
			Loops += 1
			if not Tween then
				wait()
			end
		until not Looped or not table.find(RunningAnims,Id)
		for _, OtherId in pairs(PausedAnimIDs) do
			for _, Joint in pairs(Joints) do
				if table.find(Animating,tostring(Joint.Part1)..Id) and table.find(PauseAnims,tostring(Joint.Part1)..OtherId) then
					table.remove(PauseAnims,table.find(PauseAnims,tostring(Joint.Part1)..OtherId))
				end
			end
		end
		for _, Joint in pairs(Joints) do
			for i, Anim in pairs(Animating) do
				if Anim == tostring(Joint.Part1)..Id then
					table.remove(Animating,i)
				end
			end
			for i, Anim in pairs(PauseAnims) do
				if Anim == tostring(Joint.Part1)..Id then
					table.remove(PauseAnims,i)
				end
			end
		end
		if table.find(RunningAnims,Id) then
			table.remove(RunningAnims,table.find(RunningAnims,Id))
		end
	end
	if WaitUntilFinish then
		Start()
	else
		spawn(Start)
	end
end

local Handle = Instance.new("Part",Char)
Handle.CanCollide = false
Handle.Size = Vector3.new(0.122, 0.182, 1.397)
Handle.Color = Color3.fromRGB(40,40,40)

RJ = CreateWeld({Part0 = RootPart,Part1 = Torso,Parent = RootPart})
Neck = CreateWeld({Part0 = Torso,Part1 = Head,C0 = CFrame.new(0,1.5,0),Parent = RootPart})
RS = CreateWeld({Part0 = Torso,Part1 = RA,C0 = CFrame.new(1.5,0,0),Parent = RootPart})
LS = CreateWeld({Part0 = Torso,Part1 = LA,C0 = CFrame.new(-1.5,0,0),Parent = RootPart})
RH = CreateWeld({Part0 = Torso,Part1 = RL,C0 = CFrame.new(.5,-2,0),Parent = RootPart})
LH = CreateWeld({Part0 = Torso,Part1 = LL,C0 = CFrame.new(-.5,-2,0),Parent = RootPart})
Grip = CreateWeld({Part0 = Torso,Part1 = Handle,C0 = CFrame.new(-2.95,1.79,.55) * CFrame.Angles(math.pi / 2,1.1,math.pi / 2),Parent = RootPart})

local idle = {
	{
		0.0000017999991541728377,
		CFrame.new(0, 0, 0, 1, 0, 0, 0, 1, 0, 0, 0, 1),
		CFrame.new(0, 1.49999976, 0, 1, 0, 0, 0, 1, 0, 0, 0, 1),
		CFrame.new(1.5, -0.0373961926, 0, 1, 0, 0, 0, 0.999999881, 0, 0, 0, 1),
		CFrame.new(-1.5, -0.0420105457, 0, 1, 0, 0, 0, 0.999999881, 0, 0, 0, 1),
		CFrame.new(0.5, -1.99999952, 0, 1, 0, 0, 0, 0.999999881, 0, 0, 0, 1),
		CFrame.new(-0.5, -1.99999952, 0, 1, 0, 0, 0, 0.999999881, 0, 0, 0, 1),
	},
	{
		0.03380960000504274,
		CFrame.new(0, 0.000670194626, 0, 1, 0, 0, 0, 1, 0, 0, 0, 1),
		CFrame.new(0, 1.5, 0, 1, 0, 0, 0, 1, 0, 0, 0, 1),
		CFrame.new(1.5, -0.0354676247, 0, 1, 0, 0, 0, 0.999999881, 0, 0, 0, 1),
		CFrame.new(-1.5, -0.0382037163, 0, 1, 0, 0, 0, 0.999999881, 0, 0, 0, 1),
		CFrame.new(0.5, -2.00135398, 0, 1, 0, 0, 0, 0.999999881, 0, 0, 0, 1),
		CFrame.new(-0.5, -2.00035429, 0, 1, 0, 0, 0, 0.999999881, 0, 0, 0, 1),
	},
	{
		0.06831099999544676,
		CFrame.new(0, 0.00134015083, 0, 1, 0, 0, 0, 1, 0, 0, 0, 1),
		CFrame.new(0, 1.5, 0, 1, 0, 0, 0, 1, 0, 0, 0, 1),
		CFrame.new(1.5, -0.0335390568, 0, 1, 0, 0, 0, 0.999999881, 0, 0, 0, 1),
		CFrame.new(-1.5, -0.0343968868, 0, 1, 0, 0, 0, 0.999999881, 0, 0, 0, 1),
		CFrame.new(0.5, -2.00270844, 0, 1, 0, 0, 0, 0.999999881, 0, 0, 0, 1),
		CFrame.new(-0.5, -2.0007093, 0, 1, 0, 0, 0, 0.999999881, 0, 0, 0, 1),
	},
	{
		0.10152579999703448,
		CFrame.new(0, 0.0020942688, 0, 1, 0, 0, 0, 1, 0, 0, 0, 1),
		CFrame.new(0, 1.5, 0, 1, 0, 0, 0, 1, 0, 0, 0, 1),
		CFrame.new(1.5, -0.0313694477, 0, 1, 0, 0, 0, 0.999999881, 0, 0, 0, 1),
		CFrame.new(-1.5, -0.0301144123, 0, 1, 0, 0, 0, 0.999999881, 0, 0, 0, 1),
		CFrame.new(0.5, -2.00423241, 0, 1, 0, 0, 0, 0.999999881, 0, 0, 0, 1),
		CFrame.new(-0.5, -2.00110841, 0, 1, 0, 0, 0, 0.999999881, 0, 0, 0, 1),
	},
	{
		0.13665719999698922,
		CFrame.new(0, 0.00276422501, 0, 1, 0, 0, 0, 1, 0, 0, 0, 1),
		CFrame.new(0, 1.50000024, 0, 1, 0, 0, 0, 1, 0, 0, 0, 1),
		CFrame.new(1.5, -0.0294408798, 0, 1, 0, 0, 0, 0.999999881, 0, 0, 0, 1),
		CFrame.new(-1.5, -0.0263075829, 0, 1, 0, 0, 0, 0.999999881, 0, 0, 0, 1),
		CFrame.new(0.5, -2.00558662, 0, 1, 0, 0, 0, 0.999999881, 0, 0, 0, 1),
		CFrame.new(-0.5, -2.00146341, 0, 1, 0, 0, 0, 0.999999881, 0, 0, 0, 1),
	},
	{
		0.17341200000373647,
		CFrame.new(0, 0.00343441963, 0, 1, 0, 0, 0, 1, 0, 0, 0, 1),
		CFrame.new(0, 1.5, 0, 1, 0, 0, 0, 1, 0, 0, 0, 1),
		CFrame.new(1.5, -0.0275123119, 0, 1, 0, 0, 0, 0.999999881, 0, 0, 0, 1),
		CFrame.new(-1.5, -0.0225009918, 0, 1, 0, 0, 0, 0.999999881, 0, 0, 0, 1),
		CFrame.new(0.5, -2.00694132, 0, 1, 0, 0, 0, 0.999999881, 0, 0, 0, 1),
		CFrame.new(-0.5, -2.00181818, 0, 1, 0, 0, 0, 0.999999881, 0, 0, 0, 1),
	},
	{
		0.20421999999962281,
		CFrame.new(0, 0.00410461426, 0, 1, 0, 0, 0, 1, 0, 0, 0, 1),
		CFrame.new(0, 1.5, 0, 1, 0, 0, 0, 1, 0, 0, 0, 1),
		CFrame.new(1.5, -0.025583744, 0, 1, 0, 0, 0, 0.999999881, 0, 0, 0, 1),
		CFrame.new(-1.5, -0.0186941624, 0, 1, 0, 0, 0, 0.999999881, 0, 0, 0, 1),
		CFrame.new(0.5, -2.00829577, 0, 1, 0, 0, 0, 0.999999881, 0, 0, 0, 1),
		CFrame.new(-0.5, -2.00217295, 0, 1, 0, 0, 0, 0.999999881, 0, 0, 0, 1),
	},
	{
		0.23703750000277068,
		CFrame.new(0, 0.00477480888, 0, 1, 0, 0, 0, 1, 0, 0, 0, 1),
		CFrame.new(0, 1.5, 0, 1, 0, 0, 0, 1, 0, 0, 0, 1),
		CFrame.new(1.5, -0.0236551762, 0, 1, 0, 0, 0, 0.999999881, 0, 0, 0, 1),
		CFrame.new(-1.5, -0.0148873329, 0, 1, 0, 0, 0, 0.999999881, 0, 0, 0, 1),
		CFrame.new(0.5, -2.00965023, 0, 1, 0, 0, 0, 0.999999881, 0, 0, 0, 1),
		CFrame.new(-0.5, -2.00252795, 0, 1, 0, 0, 0, 0.999999881, 0, 0, 0, 1),
	},
	{
		0.2715124999958789,
		CFrame.new(0, 0.00544476509, 0, 1, 0, 0, 0, 1, 0, 0, 0, 1),
		CFrame.new(0, 1.50000024, 0, 1, 0, 0, 0, 1, 0, 0, 0, 1),
		CFrame.new(1.5, -0.0217266083, 0, 1, 0, 0, 0, 0.999999881, 0, 0, 0, 1),
		CFrame.new(-1.5, -0.0110805035, 0, 1, 0, 0, 0, 0.999999881, 0, 0, 0, 1),
		CFrame.new(0.5, -2.01100469, 0, 1, 0, 0, 0, 0.999999881, 0, 0, 0, 1),
		CFrame.new(-0.5, -2.00288272, 0, 1, 0, 0, 0, 0.999999881, 0, 0, 0, 1),
	},
	{
		0.30792490000021644,
		CFrame.new(0, 0.00611495972, 0, 1, 0, 0, 0, 1, 0, 0, 0, 1),
		CFrame.new(0, 1.5, 0, 1, 0, 0, 0, 1, 0, 0, 0, 1),
		CFrame.new(1.5, -0.0197982788, 0, 1, 0, 0, 0, 0.999999881, 0, 0, 0, 1),
		CFrame.new(-1.5, -0.00727391243, 0, 1, 0, 0, 0, 0.999999881, 0, 0, 0, 1),
		CFrame.new(0.5, -2.01235914, 0, 1, 0, 0, 0, 0.999999881, 0, 0, 0, 1),
		CFrame.new(-0.5, -2.00323772, 0, 1, 0, 0, 0, 0.999999881, 0, 0, 0, 1),
	},
	{
		0.3468150999979116,
		CFrame.new(0, 0.00686883926, 0, 1, 0, 0, 0, 1, 0, 0, 0, 1),
		CFrame.new(0, 1.49999976, 0, 1, 0, 0, 0, 1, 0, 0, 0, 1),
		CFrame.new(1.5, -0.0176284313, 0, 1, 0, 0, 0, 0.999999881, 0, 0, 0, 1),
		CFrame.new(-1.5, -0.00299119949, 0, 1, 0, 0, 0, 0.999999881, 0, 0, 0, 1),
		CFrame.new(0.5, -2.01388311, 0, 1, 0, 0, 0, 0.999999881, 0, 0, 0, 1),
		CFrame.new(-0.5, -2.00363684, 0, 1, 0, 0, 0, 0.999999881, 0, 0, 0, 1),
	},
	{
		0.3731279000057839,
		CFrame.new(0, 0.00737142563, 0, 1, 0, 0, 0, 1, 0, 0, 0, 1),
		CFrame.new(0, 1.5, 0, 1, 0, 0, 0, 1, 0, 0, 0, 1),
		CFrame.new(1.5, -0.0161821842, 0, 1, 0, 0, 0, 0.999999881, 0, 0, 0, 1),
		CFrame.new(-1.5, -0.000136137009, 0, 1, 0, 0, 0, 0.999999881, 0, 0, 0, 1),
		CFrame.new(0.5, -2.01489878, 0, 1, 0, 0, 0, 0.999999881, 0, 0, 0, 1),
		CFrame.new(-0.5, -2.00390291, 0, 1, 0, 0, 0, 0.999999881, 0, 0, 0, 1),
	},
	{
		0.41064729999925476,
		CFrame.new(0, 0.00812530518, 0, 1, 0, 0, 0, 1, 0, 0, 0, 1),
		CFrame.new(0, 1.50000024, 0, 1, 0, 0, 0, 1, 0, 0, 0, 1),
		CFrame.new(1.5, -0.0140125751, 0, 1, 0, 0, 0, 0.999999881, 0, 0, 0, 1),
		CFrame.new(-1.5, 0.00414633751, 0, 1, 0, 0, 0, 0.999999881, 0, 0, 0, 1),
		CFrame.new(0.5, -2.01642275, 0, 1, 0, 0, 0, 0.999999881, 0, 0, 0, 1),
		CFrame.new(-0.5, -2.00430202, 0, 1, 0, 0, 0, 0.999999881, 0, 0, 0, 1),
	},
	{
		0.4354250000033062,
		CFrame.new(0, 0.00871181488, 0, 1, 0, 0, 0, 1, 0, 0, 0, 1),
		CFrame.new(0, 1.49999976, 0, 1, 0, 0, 0, 1, 0, 0, 0, 1),
		CFrame.new(1.5, -0.0123250484, 0, 1, 0, 0, 0, 0.999999881, 0, 0, 0, 1),
		CFrame.new(-1.5, 0.00747728348, 0, 1, 0, 0, 0, 0.999999881, 0, 0, 0, 1),
		CFrame.new(0.5, -2.01760769, 0, 1, 0, 0, 0, 0.999999881, 0, 0, 0, 1),
		CFrame.new(-0.5, -2.00461268, 0, 1, 0, 0, 0, 0.999999881, 0, 0, 0, 1),
	},
	{
		0.4690732000017306,
		CFrame.new(0, 0.00864291191, 0, 1, 0, 0, 0, 1, 0, 0, 0, 1),
		CFrame.new(0, 1.50000024, 0, 1, 0, 0, 0, 1, 0, 0, 0, 1),
		CFrame.new(1.5, -0.0125231743, 0, 1, 0, 0, 0, 0.999999881, 0, 0, 0, 1),
		CFrame.new(-1.5, 0.00708651543, 0, 1, 0, 0, 0, 0.999999881, 0, 0, 0, 1),
		CFrame.new(0.5, -2.01746893, 0, 1, 0, 0, 0, 0.999999881, 0, 0, 0, 1),
		CFrame.new(-0.5, -2.00457621, 0, 1, 0, 0, 0, 0.999999881, 0, 0, 0, 1),
	},
	{
		0.5016100000066217,
		CFrame.new(0, 0.00799679756, 0, 1, 0, 0, 0, 1, 0, 0, 0, 1),
		CFrame.new(0, 1.49999976, 0, 1, 0, 0, 0, 1, 0, 0, 0, 1),
		CFrame.new(1.5, -0.0143828392, 0, 1, 0, 0, 0, 0.999999881, 0, 0, 0, 1),
		CFrame.new(-1.5, 0.00341558456, 0, 1, 0, 0, 0, 0.999999881, 0, 0, 0, 1),
		CFrame.new(0.5, -2.01616263, 0, 1, 0, 0, 0, 0.999999881, 0, 0, 0, 1),
		CFrame.new(-0.5, -2.00423408, 0, 1, 0, 0, 0, 0.999999881, 0, 0, 0, 1),
	},
	{
		0.5337890999944648,
		CFrame.new(0, 0.00743126869, 0, 1, 0, 0, 0, 1, 0, 0, 0, 1),
		CFrame.new(0, 1.50000024, 0, 1, 0, 0, 0, 1, 0, 0, 0, 1),
		CFrame.new(1.5, -0.016010046, 0, 1, 0, 0, 0, 0.999999881, 0, 0, 0, 1),
		CFrame.new(-1.5, 0.000203609467, 0, 1, 0, 0, 0, 0.999999881, 0, 0, 0, 1),
		CFrame.new(0.5, -2.01501989, 0, 1, 0, 0, 0, 0.999999881, 0, 0, 0, 1),
		CFrame.new(-0.5, -2.00393462, 0, 1, 0, 0, 0, 0.999999881, 0, 0, 0, 1),
	},
	{
		0.5678596999932779,
		CFrame.new(0, 0.00678515434, 0, 1, 0, 0, 0, 1, 0, 0, 0, 1),
		CFrame.new(0, 1.5, 0, 1, 0, 0, 0, 1, 0, 0, 0, 1),
		CFrame.new(1.5, -0.0178697109, 0, 1, 0, 0, 0, 0.999999881, 0, 0, 0, 1),
		CFrame.new(-1.5, -0.00346708298, 0, 1, 0, 0, 0, 0.999999881, 0, 0, 0, 1),
		CFrame.new(0.5, -2.01371384, 0, 1, 0, 0, 0, 0.999999881, 0, 0, 0, 1),
		CFrame.new(-0.5, -2.00359249, 0, 1, 0, 0, 0, 0.999999881, 0, 0, 0, 1),
	},
	{
		0.5994070000015199,
		CFrame.new(0, 0.00613880157, 0, 1, 0, 0, 0, 1, 0, 0, 0, 1),
		CFrame.new(0, 1.5, 0, 1, 0, 0, 0, 1, 0, 0, 0, 1),
		CFrame.new(1.5, -0.0197293758, 0, 1, 0, 0, 0, 0.999999881, 0, 0, 0, 1),
		CFrame.new(-1.5, -0.00713801384, 0, 1, 0, 0, 0, 0.999999881, 0, 0, 0, 1),
		CFrame.new(0.5, -2.01240754, 0, 1, 0, 0, 0, 0.999999881, 0, 0, 0, 1),
		CFrame.new(-0.5, -2.00325012, 0, 1, 0, 0, 0, 0.999999881, 0, 0, 0, 1),
	},
	{
		0.6350695000000997,
		CFrame.new(0, 0.00549268723, 0, 1, 0, 0, 0, 1, 0, 0, 0, 1),
		CFrame.new(0, 1.49999976, 0, 1, 0, 0, 0, 1, 0, 0, 0, 1),
		CFrame.new(1.5, -0.0215890408, 0, 1, 0, 0, 0, 0.999999881, 0, 0, 0, 1),
		CFrame.new(-1.5, -0.0108087063, 0, 1, 0, 0, 0, 0.999999881, 0, 0, 0, 1),
		CFrame.new(0.5, -2.01110148, 0, 1, 0, 0, 0, 0.999999881, 0, 0, 0, 1),
		CFrame.new(-0.5, -2.00290823, 0, 1, 0, 0, 0, 0.999999881, 0, 0, 0, 1),
	},
	{
		0.66683020000346,
		CFrame.new(0, 0.00484657288, 0, 1, 0, 0, 0, 1, 0, 0, 0, 1),
		CFrame.new(0, 1.5, 0, 1, 0, 0, 0, 1, 0, 0, 0, 1),
		CFrame.new(1.5, -0.0234487057, 0, 1, 0, 0, 0, 0.999999881, 0, 0, 0, 1),
		CFrame.new(-1.5, -0.0144793987, 0, 1, 0, 0, 0, 0.999999881, 0, 0, 0, 1),
		CFrame.new(0.5, -2.00979543, 0, 1, 0, 0, 0, 0.999999881, 0, 0, 0, 1),
		CFrame.new(-0.5, -2.00256586, 0, 1, 0, 0, 0, 0.999999881, 0, 0, 0, 1),
	},
	{
		0.7048394000012195,
		CFrame.new(0, 0.00420022011, 0, 1, 0, 0, 0, 1, 0, 0, 0, 1),
		CFrame.new(0, 1.5, 0, 1, 0, 0, 0, 1, 0, 0, 0, 1),
		CFrame.new(1.5, -0.0253083706, 0, 1, 0, 0, 0, 0.999999881, 0, 0, 0, 1),
		CFrame.new(-1.5, -0.0181503296, 0, 1, 0, 0, 0, 0.999999881, 0, 0, 0, 1),
		CFrame.new(0.5, -2.00848913, 0, 1, 0, 0, 0, 0.999999881, 0, 0, 0, 1),
		CFrame.new(-0.5, -2.00222373, 0, 1, 0, 0, 0, 0.999999881, 0, 0, 0, 1),
	},
	{
		0.7391556999937166,
		CFrame.new(0, 0.00347328186, 0, 1, 0, 0, 0, 1, 0, 0, 0, 1),
		CFrame.new(0, 1.5, 0, 1, 0, 0, 0, 1, 0, 0, 0, 1),
		CFrame.new(1.5, -0.0274004936, 0, 1, 0, 0, 0, 0.999999881, 0, 0, 0, 1),
		CFrame.new(-1.5, -0.0222799778, 0, 1, 0, 0, 0, 0.999999881, 0, 0, 0, 1),
		CFrame.new(0.5, -2.00702, 0, 1, 0, 0, 0, 0.999999881, 0, 0, 0, 1),
		CFrame.new(-0.5, -2.00183868, 0, 1, 0, 0, 0, 0.999999881, 0, 0, 0, 1),
	},
	{
		0.7692277000023751,
		CFrame.new(0, 0.00282716751, 0, 1, 0, 0, 0, 1, 0, 0, 0, 1),
		CFrame.new(0, 1.5, 0, 1, 0, 0, 0, 1, 0, 0, 0, 1),
		CFrame.new(1.5, -0.0292601585, 0, 1, 0, 0, 0, 0.999999881, 0, 0, 0, 1),
		CFrame.new(-1.5, -0.0259506702, 0, 1, 0, 0, 0, 0.999999881, 0, 0, 0, 1),
		CFrame.new(0.5, -2.00571394, 0, 1, 0, 0, 0, 0.999999881, 0, 0, 0, 1),
		CFrame.new(-0.5, -2.00149655, 0, 1, 0, 0, 0, 0.999999881, 0, 0, 0, 1),
	},
	{
		0.8023485000012442,
		CFrame.new(0, 0.00218081474, 0, 1, 0, 0, 0, 1, 0, 0, 0, 1),
		CFrame.new(0, 1.5, 0, 1, 0, 0, 0, 1, 0, 0, 0, 1),
		CFrame.new(1.5, -0.0311198235, 0, 1, 0, 0, 0, 0.999999881, 0, 0, 0, 1),
		CFrame.new(-1.5, -0.0296216011, 0, 1, 0, 0, 0, 0.999999881, 0, 0, 0, 1),
		CFrame.new(0.5, -2.00440764, 0, 1, 0, 0, 0, 0.999999881, 0, 0, 0, 1),
		CFrame.new(-0.5, -2.00115442, 0, 1, 0, 0, 0, 0.999999881, 0, 0, 0, 1),
	},
	{
		0.8349130999995396,
		CFrame.new(0, 0.00153470039, 0, 1, 0, 0, 0, 1, 0, 0, 0, 1),
		CFrame.new(0, 1.49999976, 0, 1, 0, 0, 0, 1, 0, 0, 0, 1),
		CFrame.new(1.5, -0.03297925, 0, 1, 0, 0, 0, 0.999999881, 0, 0, 0, 1),
		CFrame.new(-1.5, -0.0332922935, 0, 1, 0, 0, 0, 0.999999881, 0, 0, 0, 1),
		CFrame.new(0.5, -2.00310159, 0, 1, 0, 0, 0, 0.999999881, 0, 0, 0, 1),
		CFrame.new(-0.5, -2.00081205, 0, 1, 0, 0, 0, 0.999999881, 0, 0, 0, 1),
	},
	{
		0.8710405000019819,
		CFrame.new(0, 0.000969409943, 0, 1, 0, 0, 0, 1, 0, 0, 0, 1),
		CFrame.new(0, 1.50000024, 0, 1, 0, 0, 0, 1, 0, 0, 0, 1),
		CFrame.new(1.5, -0.0346066952, 0, 1, 0, 0, 0, 0.999999881, 0, 0, 0, 1),
		CFrame.new(-1.5, -0.0365042686, 0, 1, 0, 0, 0, 0.999999881, 0, 0, 0, 1),
		CFrame.new(0.5, -2.00195885, 0, 1, 0, 0, 0, 0.999999881, 0, 0, 0, 1),
		CFrame.new(-0.5, -2.00051284, 0, 1, 0, 0, 0, 0.999999881, 0, 0, 0, 1),
	},
}

local walk = {
	{
		0.0000022000021999701858,
		false,
		false,
		CFrame.new(1.5, 0.130570173, 0.336928368, 1, -2.9455256e-08, -1.14147412e-08, 2.94552542e-08, 0.738861024, 0.673857689, -1.14147412e-08, -0.673857689, 0.738861144),
		CFrame.new(-1.5, 0.141162872, -0.348189354, 1, -3.04396934e-08, 1.23408554e-08, 3.04396934e-08, 0.717674017, -0.696379006, 1.23408554e-08, 0.696379006, 0.717674136),
		CFrame.new(0.5, -1.82893658, 0.559342384, 1, -2.44497063e-08, -7.47746398e-09, 2.44497045e-08, 0.828935444, 0.559344053, -7.47746398e-09, -0.559344053, 0.828935564),
		CFrame.new(-0.5, -1.82532966, -0.564647675, 1, -2.46815457e-08, 7.63498775e-09, 2.46815439e-08, 0.825331748, -0.564647913, 7.63498775e-09, 0.564647913, 0.825331867),
	},
	{
		0.03359210000780877,
		false,
		false,
		CFrame.new(1.5, 0.129139662, 0.335352898, 1, -2.93175262e-08, -1.12896679e-08, 2.93175262e-08, 0.741722405, 0.670706809, -1.12896679e-08, -0.670706809, 0.741722524),
		CFrame.new(-1.5, 0.139530182, -0.346498966, 1, -3.02918863e-08, 1.2198111e-08, 3.02918899e-08, 0.720939636, -0.692997634, 1.2198111e-08, 0.692997634, 0.720939755),
		CFrame.new(0.5, -1.83105016, 0.556197166, 1, -2.43122162e-08, -7.38506856e-09, 2.43122162e-08, 0.831049204, 0.556198657, -7.38506856e-09, -0.556198657, 0.831049323),
		CFrame.new(-0.5, -1.82759213, -0.561326027, 1, -2.45363534e-08, 7.53608376e-09, 2.45363534e-08, 0.827594399, -0.561326325, 7.53608376e-09, 0.561326325, 0.827594519),
	},
	{
		0.06145930000639055,
		false,
		false,
		CFrame.new(1.5, 0.123329163, 0.328813076, 1, -2.87457969e-08, -1.07817009e-08, 2.87457969e-08, 0.753343344, 0.657627165, -1.07817009e-08, -0.657627165, 0.753343463),
		CFrame.new(-1.5, 0.132936716, -0.339506149, 1, -2.96805762e-08, 1.16216903e-08, 2.96805762e-08, 0.734126627, -0.679012418, 1.16216903e-08, 0.679012418, 0.734126747),
		CFrame.new(0.5, -1.83939838, 0.543516159, 1, -2.37579201e-08, -7.02015512e-09, 2.37579183e-08, 0.83939749, 0.543517828, -7.02015512e-09, -0.543517828, 0.839397609),
		CFrame.new(-0.5, -1.8366437, -0.54774332, 1, -2.39426452e-08, 7.14042514e-09, 2.39426452e-08, 0.836645961, -0.547743857, 7.14042514e-09, 0.547743857, 0.83664608),
	},
	{
		0.08812919999763835,
		false,
		false,
		CFrame.new(1.5, 0.11441803, 0.31831646, 1, -2.78281824e-08, -1.00026725e-08, 2.78281824e-08, 0.771165431, 0.636634588, -1.00026725e-08, -0.636634588, 0.77116555),
		CFrame.new(-1.5, 0.122792721, -0.32819891, 1, -2.86920603e-08, 1.07348654e-08, 2.86920603e-08, 0.754414797, -0.65639782, 1.07348654e-08, 0.65639782, 0.754414916),
		CFrame.new(0.5, -1.85220575, 0.523206234, 1, -2.28701449e-08, -6.46032206e-09, 2.28701431e-08, 0.852204919, 0.523207903, -6.46032206e-09, -0.523207903, 0.852205038),
		CFrame.new(-0.5, -1.85048437, -0.525995731, 1, -2.29920261e-08, 6.53542642e-09, 2.29920243e-08, 0.850486755, -0.525996208, 6.53542642e-09, 0.525996208, 0.850486875),
	},
	{
		0.11713340001006145,
		false,
		false,
		CFrame.new(1.5, 0.101846457, 0.302444458, 1, -2.64405902e-08, -8.90362273e-09, 2.64405884e-08, 0.796308756, 0.604890168, -8.90362273e-09, -0.604890168, 0.796308875),
		CFrame.new(-1.5, 0.108536243, -0.311056137, 1, -2.71933889e-08, 9.48851664e-09, 2.71933889e-08, 0.78292793, -0.622112215, 9.48851664e-09, 0.622112215, 0.78292805),
		CFrame.new(0.5, -1.87013173, 0.492818832, 1, -2.15418741e-08, -5.6767604e-09, 2.15418741e-08, 0.870130777, 0.49282065, -5.6767604e-09, -0.49282065, 0.870130897),
		CFrame.new(-0.5, -1.86977625, -0.493441582, 1, -2.15690328e-08, 5.6921543e-09, 2.15690328e-08, 0.869778574, -0.493441969, 5.6921543e-09, 0.493441969, 0.869778693),
	},
	{
		0.1571235000010347,
		false,
		false,
		CFrame.new(1.5, 0.0794308186, 0.270407677, 1, -2.36398368e-08, -6.94396363e-09, 2.36398368e-08, 0.841140509, 0.540816426, -6.94396363e-09, -0.540816426, 0.841140628),
		CFrame.new(-1.5, 0.0832476616, -0.276255131, 1, -2.41510101e-08, 7.27769489e-09, 2.41510083e-08, 0.83350563, -0.552510679, 7.27769489e-09, 0.552510679, 0.83350575),
		CFrame.new(0.5, -1.90160918, 0.432551861, 1, -1.8907512e-08, -4.30083702e-09, 1.8907512e-08, 0.901608169, 0.43255347, -4.30083702e-09, -0.43255347, 0.901608288),
		CFrame.new(-0.5, -1.90347219, -0.428641319, 1, -1.87365075e-08, 4.21925606e-09, 1.87365092e-08, 0.903474569, -0.428641349, 4.21925606e-09, 0.428641349, 0.903474689),
	},
	{
		0.181157400002121,
		false,
		false,
		CFrame.new(1.5, 0.0573408604, 0.232489586, 1, -2.03249737e-08, -5.01279729e-09, 2.03249737e-08, 0.885320425, 0.464981198, -5.01279729e-09, -0.464981198, 0.885320544),
		CFrame.new(-1.5, 0.0585455894, -0.234770775, 1, -2.05243289e-08, 5.11815657e-09, 2.05243289e-08, 0.882910073, -0.469541907, 5.11815657e-09, 0.469541907, 0.882910192),
		CFrame.new(0.5, -1.93200588, 0.362443447, 1, -1.58429625e-08, -2.97214697e-09, 1.58429643e-08, 0.932005107, 0.362444758, -2.97214697e-09, -0.362444758, 0.932005227),
		CFrame.new(-0.5, -1.93555212, -0.353181839, 1, -1.54380615e-08, 2.81699286e-09, 1.54380615e-08, 0.935554624, -0.35318169, 2.81699286e-09, 0.35318169, 0.935554743),
	},
	{
		0.2269354000018211,
		false,
		false,
		CFrame.new(1.5, 0.016238451, 0.126383781, 1, -1.10488987e-08, -1.41945833e-09, 1.10488978e-08, 0.967526436, 0.252769321, -1.41945833e-09, -0.252769321, 0.967526555),
		CFrame.new(-1.5, 0.0140669346, -0.117762089, 1, -1.02950777e-08, 1.22966526e-09, 1.02950777e-08, 0.971868455, -0.235523924, 1.22966526e-09, 0.235523924, 0.971868575),
		CFrame.new(0.5, -1.98518395, 0.17150259, 1, -7.49665752e-09, -6.47649046e-10, 7.49665752e-09, 0.985183358, 0.171503529, -6.47649046e-10, -0.171503529, 0.985183477),
		CFrame.new(-0.5, -1.98907816, -0.147371769, 1, -6.44181775e-09, 4.77275108e-10, 6.4418173e-09, 0.989081085, -0.147371605, 4.77275108e-10, 0.147371605, 0.989081204),
	},
	{
		0.2523453000030713,
		false,
		false,
		CFrame.new(1.5, 0.0103869438, -0.101374626, 1, 8.8623473e-09, -9.07835584e-10, -8.8623473e-09, 0.97923106, -0.202746883, -9.07835584e-10, 0.202746883, 0.979231179),
		CFrame.new(-1.5, 0.0178818703, 0.132514954, 1, 1.15848335e-08, 1.56311231e-09, -1.15848326e-08, 0.964240015, 0.265030086, 1.56311231e-09, -0.265030086, 0.964240134),
		CFrame.new(0.5, -1.97417188, -0.22580862, 1, 9.8703854e-09, -1.12898491e-09, -9.8703854e-09, 0.974171698, -0.225808099, -1.12898491e-09, 0.225808099, 0.974171817),
		CFrame.new(-0.5, -1.96060383, 0.277907848, 1, 1.21477566e-08, 1.72189729e-09, -1.21477557e-08, 0.960607469, 0.277908266, 1.72189729e-09, -0.277908266, 0.960607588),
	},
	{
		0.28981100000964943,
		false,
		false,
		CFrame.new(1.5, 0.0344216824, -0.182303429, 1, 1.59373901e-08, -3.00899572e-09, -1.59373901e-08, 0.931162119, -0.36460498, -3.00899572e-09, 0.36460498, 0.931162238),
		CFrame.new(-1.5, 0.0507059097, 0.219391823, 1, 1.9179847e-08, 4.43265691e-09, -1.9179847e-08, 0.898592532, 0.438783765, 4.43265691e-09, -0.438783765, 0.898592651),
		CFrame.new(0.5, -1.9305234, -0.366232872, 1, 1.6008542e-08, -3.0369236e-09, -1.60085438e-08, 0.930523157, -0.366232783, -3.0369236e-09, 0.366232783, 0.930523276),
		CFrame.new(-0.5, -1.90492702, 0.425557137, 1, 1.86017335e-08, 4.15559143e-09, -1.86017335e-08, 0.904931009, 0.42555806, 4.15559143e-09, -0.42555806, 0.904931128),
	},
	{
		0.31913770000392105,
		false,
		false,
		CFrame.new(1.5, 0.04864645, -0.2151227, 1, 1.88065368e-08, -4.25255564e-09, -1.88065385e-08, 0.902712762, -0.430243433, -4.25255564e-09, 0.430243433, 0.902712882),
		CFrame.new(-1.5, 0.0693881512, 0.254108906, 1, 2.22148984e-08, 6.06588912e-09, -2.22148984e-08, 0.861228526, 0.508217633, 6.06588912e-09, -0.508217633, 0.861228645),
		CFrame.new(0.5, -1.90592265, -0.423443317, 1, 1.85092901e-08, -4.11225187e-09, -1.85092901e-08, 0.905922532, -0.423443198, -4.11225187e-09, 0.423443198, 0.905922651),
		CFrame.new(-0.5, -1.87444544, 0.485115528, 1, 2.12051017e-08, 5.48797985e-09, -2.12051017e-08, 0.874449551, 0.485116184, 5.48797985e-09, -0.485116184, 0.87444967),
	},
	{
		0.36588040000060573,
		false,
		false,
		CFrame.new(1.5, 0.0656344891, -0.247637749, 1, 2.1649063e-08, -5.73766812e-09, -2.1649063e-08, 0.86873734, -0.495272845, -5.73766812e-09, 0.495272845, 0.868737459),
		CFrame.new(-1.5, 0.091293335, 0.288022041, 1, 2.51796699e-08, 7.98087285e-09, -2.51796681e-08, 0.817418754, 0.576043665, 7.98087285e-09, -0.576043665, 0.817418873),
		CFrame.new(0.5, -1.87705016, -0.480398655, 1, 2.0998888e-08, -5.37430367e-09, -2.0998888e-08, 0.877050161, -0.480398566, -5.37430367e-09, 0.480398566, 0.877050281),
		CFrame.new(-0.5, -1.83916998, 0.543861389, 1, 2.37729818e-08, 7.02991088e-09, -2.377298e-08, 0.839174271, 0.543862402, 7.02991088e-09, -0.543862402, 0.83917439),
	},
	{
		0.3888924000057159,
		false,
		false,
		CFrame.new(1.5, 0.0778775215, -0.267974854, 1, 2.34270079e-08, -6.80799417e-09, -2.34270061e-08, 0.844251156, -0.535947442, -6.80799417e-09, 0.535947442, 0.844251275),
		CFrame.new(-1.5, 0.106869459, 0.308943748, 1, 2.70087099e-08, 9.34258182e-09, -2.70087099e-08, 0.786266506, 0.617887259, 9.34258182e-09, -0.617887259, 0.786266625),
		CFrame.new(0.5, -1.85645676, -0.516218185, 1, 2.25646204e-08, -6.27446539e-09, -2.25646186e-08, 0.856456876, -0.516218305, -6.27446539e-09, 0.516218305, 0.856456995),
		CFrame.new(-0.5, -1.81423593, 0.580527306, 1, 2.53756891e-08, 8.11981948e-09, -2.53756891e-08, 0.814240038, 0.58052808, 8.11981948e-09, -0.58052808, 0.814240158),
	},
	{
		0.41026859999692533,
		false,
		false,
		CFrame.new(1.5, 0.0826203823, -0.275303841, 1, 2.40677078e-08, -7.22261007e-09, -2.40677061e-08, 0.834765792, -0.550604939, -7.22261007e-09, 0.550604939, 0.834765911),
		CFrame.new(-1.5, 0.112869263, 0.316429615, 1, 2.76631411e-08, 9.86709736e-09, -2.76631393e-08, 0.774267018, 0.632858872, 9.86709736e-09, -0.632858872, 0.774267137),
		CFrame.new(0.5, -1.84853482, -0.529139042, 1, 2.31294024e-08, -6.62074129e-09, -2.31294024e-08, 0.848535001, -0.529139042, -6.62074129e-09, 0.529139042, 0.84853512),
		CFrame.new(-0.5, -1.80468631, 0.593693733, 1, 2.59512074e-08, 8.53724558e-09, -2.59512056e-08, 0.80469048, 0.593694389, 8.53724558e-09, -0.593694389, 0.804690599),
	},
	{
		0.4320949999964796,
		false,
		false,
		CFrame.new(1.5, 0.0858893394, -0.280197144, 1, 2.44954848e-08, -7.50839746e-09, -2.44954848e-08, 0.828227758, -0.560391366, -7.50839746e-09, 0.560391366, 0.828227878),
		CFrame.new(-1.5, 0.117031097, 0.321454048, 1, 2.81024093e-08, 1.02309485e-08, -2.81024075e-08, 0.76594305, 0.642908156, 1.02309485e-08, -0.642908156, 0.76594317),
		CFrame.new(0.5, -1.84302258, -0.53787756, 1, 2.35113831e-08, -6.86168988e-09, -2.35113831e-08, 0.843022704, -0.537877738, -6.86168988e-09, 0.537877738, 0.843022823),
		CFrame.new(-0.5, -1.79806376, 0.602566242, 1, 2.63390447e-08, 8.82672069e-09, -2.63390429e-08, 0.798068047, 0.602567077, 8.82672069e-09, -0.602567077, 0.798068166),
	},
	{
		0.46310649999941234,
		false,
		false,
		CFrame.new(1.5, 0.0875799656, -0.282679558, 1, 2.47125129e-08, -7.65619035e-09, -2.47125111e-08, 0.824846625, -0.565356374, -7.65619035e-09, 0.565356374, 0.824846745),
		CFrame.new(-1.5, 0.119152308, 0.323964119, 1, 2.8321848e-08, 1.04163718e-08, -2.8321848e-08, 0.761701047, 0.647928357, 1.04163718e-08, -0.647928357, 0.761701167),
		CFrame.new(0.5, -1.84020483, -0.542268753, 1, 2.37033255e-08, -6.98486247e-09, -2.37033255e-08, 0.840204895, -0.542268872, -6.98486247e-09, 0.542268872, 0.840205014),
		CFrame.new(-0.5, -1.79467595, 0.607027531, 1, 2.65340461e-08, 8.974812e-09, -2.65340443e-08, 0.794680119, 0.607028186, 8.974812e-09, -0.607028186, 0.794680238),
	},
	{
		0.4951873000100022,
		false,
		false,
		CFrame.new(1.5, 0.0866119862, -0.281261921, 1, 2.45885996e-08, -7.57157537e-09, -2.45885996e-08, 0.826782405, -0.562521577, -7.57157537e-09, 0.562521577, 0.826782525),
		CFrame.new(-1.5, 0.11793375, 0.322526455, 1, 2.81961565e-08, 1.03098579e-08, -2.81961547e-08, 0.764137805, 0.64505285, 1.03098579e-08, -0.64505285, 0.764137924),
		CFrame.new(0.5, -1.84181094, -0.539772034, 1, 2.35941862e-08, -6.91465374e-09, -2.35941844e-08, 0.841811061, -0.539772034, -6.91465374e-09, 0.539772034, 0.84181118),
		CFrame.new(-0.5, -1.79660702, 0.604490757, 1, 2.64231694e-08, 8.89039597e-09, -2.64231694e-08, 0.796611309, 0.604491651, 8.89039597e-09, -0.604491651, 0.796611428),
	},
	{
		0.5237274000101024,
		false,
		false,
		CFrame.new(1.5, 0.0817666054, -0.274004936, 1, 2.39541826e-08, -7.14798176e-09, -2.39541809e-08, 0.836473107, -0.548007786, -7.14798176e-09, 0.548007786, 0.836473227),
		CFrame.new(-1.5, 0.111791849, 0.315106869, 1, 2.75475021e-08, 9.77290782e-09, -2.75475021e-08, 0.776421845, 0.63021338, 9.77290782e-09, -0.63021338, 0.776421964),
		CFrame.new(0.5, -1.84995651, -0.526852131, 1, 2.30294521e-08, -6.55859722e-09, -2.30294503e-08, 0.849956632, -0.526852429, -6.55859722e-09, 0.526852429, 0.849956751),
		CFrame.new(-0.5, -1.80639505, 0.591370106, 1, 2.58496566e-08, 8.46254977e-09, -2.58496549e-08, 0.806399286, 0.591371179, 8.46254977e-09, -0.591371179, 0.806399405),
	},
	{
		0.5519820000045002,
		false,
		false,
		CFrame.new(1.5, 0.0757114887, -0.264532089, 1, 2.31260167e-08, -6.61863098e-09, -2.31260149e-08, 0.848583281, -0.529061556, -6.61863098e-09, 0.529061556, 0.8485834),
		CFrame.new(-1.5, 0.104119778, 0.305412292, 1, 2.66999862e-08, 9.10219811e-09, -2.66999862e-08, 0.791765869, 0.610824466, 9.10219811e-09, -0.610824466, 0.791765988),
		CFrame.new(0.5, -1.86008918, -0.51014328, 1, 2.22990746e-08, -6.11568751e-09, -2.22990728e-08, 0.860089242, -0.51014334, -6.11568751e-09, 0.51014334, 0.860089362),
		CFrame.new(-0.5, -1.81863201, 0.574311733, 1, 2.510399e-08, 7.92766031e-09, -2.510399e-08, 0.818636119, 0.574312329, 7.92766031e-09, -0.574312329, 0.818636239),
	},
	{
		0.5910148999973899,
		false,
		false,
		CFrame.new(1.5, 0.0622360706, -0.241579056, 1, 2.11194262e-08, -5.44057244e-09, -2.11194262e-08, 0.875534058, -0.483156145, -5.44057244e-09, 0.483156145, 0.875534177),
		CFrame.new(-1.5, 0.0869336128, 0.28173399, 1, 2.46299692e-08, 7.59975549e-09, -2.46299674e-08, 0.826137781, 0.563467979, 7.59975549e-09, -0.563467979, 0.8261379),
		CFrame.new(0.5, -1.88280153, -0.469745636, 1, 2.05332338e-08, -5.12289589e-09, -2.05332338e-08, 0.882801652, -0.469745636, -5.12289589e-09, 0.469745636, 0.882801771),
		CFrame.new(-0.5, -1.84615278, 0.532932281, 1, 2.32952608e-08, 6.72468659e-09, -2.32952591e-08, 0.846157014, 0.532933414, 6.72468659e-09, -0.532933414, 0.846157134),
	},
	{
		0.620156400007545,
		false,
		false,
		CFrame.new(1.5, 0.04864645, -0.2151227, 1, 1.8806535e-08, -4.25255209e-09, -1.8806535e-08, 0.902712822, -0.430243373, -4.25255209e-09, 0.430243373, 0.902712941),
		CFrame.new(-1.5, 0.0693881512, 0.254108906, 1, 2.22148966e-08, 6.06588557e-09, -2.22148948e-08, 0.861228585, 0.508217573, 6.06588557e-09, -0.508217573, 0.861228704),
		CFrame.new(0.5, -1.90592265, -0.423443317, 1, 1.85092883e-08, -4.11225187e-09, -1.85092883e-08, 0.905922532, -0.423443168, -4.11225187e-09, 0.423443168, 0.905922651),
		CFrame.new(-0.5, -1.87444544, 0.485115528, 1, 2.12050999e-08, 5.4879763e-09, -2.12050999e-08, 0.874449611, 0.485116154, 5.4879763e-09, -0.485116154, 0.87444973),
	},
	{
		0.6536319000006188,
		false,
		false,
		CFrame.new(1.5, 0.0267567635, -0.161364555, 1, 1.41068419e-08, -2.33890418e-09, -1.4106841e-08, 0.946492016, -0.322726905, -2.33890418e-09, 0.322726905, 0.946492136),
		CFrame.new(-1.5, 0.0404839516, 0.197086334, 1, 1.72298336e-08, 3.53903218e-09, -1.72298336e-08, 0.919036269, 0.394172639, 3.53903218e-09, -0.394172639, 0.919036388),
		CFrame.new(0.5, -1.94403899, -0.329834461, 1, 1.44175125e-08, -2.44613929e-09, -1.44175116e-08, 0.944038749, -0.329834223, -2.44613929e-09, 0.329834223, 0.944038868),
		CFrame.new(-0.5, -1.92187905, 0.387467384, 1, 1.69367738e-08, 3.41460193e-09, -1.69367738e-08, 0.921882927, 0.387468219, 3.41460193e-09, -0.387468219, 0.921883047),
	},
	{
		0.691136399997049,
		false,
		false,
		CFrame.new(1.5, 0.000775575638, -0.0277972221, 1, 2.43001219e-09, -6.75974832e-11, -2.43001241e-09, 0.998453438, -0.0555922017, -6.75974832e-11, 0.0555922017, 0.998453557),
		CFrame.new(-1.5, 0.00274205208, 0.0522761345, 1, 4.57011051e-09, 2.39563036e-10, -4.57011051e-09, 0.994519293, 0.104551941, 2.39563036e-10, -0.104551941, 0.994519413),
		CFrame.new(0.5, -1.99515676, -0.0983037949, 1, 4.29696456e-09, -2.11713314e-10, -4.29696456e-09, 0.995156407, -0.0983030945, -2.11713314e-10, 0.0983030945, 0.995156527),
		CFrame.new(-0.5, -1.98981881, 0.142308712, 1, 6.22052543e-09, 4.44881465e-10, -6.22052498e-09, 0.989822149, 0.142309025, 4.44881465e-10, -0.142309025, 0.989822268),
	},
	{
		0.7148105000087526,
		false,
		false,
		CFrame.new(1.5, 0.0250239372, 0.156192303, 1, -1.36548346e-08, -2.18753016e-09, 1.36548337e-08, 0.949955046, 0.312386185, -2.18753016e-09, -0.312386185, 0.949955165),
		CFrame.new(-1.5, 0.0232532024, -0.150703907, 1, -1.31749607e-08, 2.03278816e-09, 1.31749607e-08, 0.953495145, -0.301407963, 2.03278816e-09, 0.301407963, 0.953495264),
		CFrame.new(0.5, -1.97446489, 0.224541664, 1, -9.81507942e-09, -1.11620224e-09, 9.81507942e-09, 0.974464118, 0.224542841, -1.11620224e-09, -0.224542841, 0.974464238),
		CFrame.new(-0.5, -1.97885752, -0.204528809, 1, -8.94022989e-09, 9.24035959e-10, 8.94023078e-09, 0.978860438, -0.20452863, 9.24035959e-10, 0.20452863, 0.978860557),
	},
	{
		0.7517690000095172,
		false,
		false,
		CFrame.new(1.5, 0.0605502129, 0.238500595, 1, -2.08504431e-08, -5.29336575e-09, 2.08504449e-08, 0.87890178, 0.477002561, -5.29336575e-09, -0.477002561, 0.878901899),
		CFrame.new(-1.5, 0.0621173382, -0.241367817, 1, -2.1101032e-08, 5.43042944e-09, 2.11010338e-08, 0.875766158, -0.482735366, 5.43042944e-09, 0.482735366, 0.875766277),
		CFrame.new(0.5, -1.92764127, 0.373472691, 1, -1.63250764e-08, -3.16293125e-09, 1.63250782e-08, 0.927640438, 0.37347424, -3.16293125e-09, -0.37347424, 0.927640557),
		CFrame.new(-0.5, -1.93097973, -0.365063667, 1, -1.59574487e-08, 3.01685077e-09, 1.59574487e-08, 0.930982351, -0.365063876, 3.01685077e-09, 0.365063876, 0.930982471),
	},
	{
		0.7900416000047699,
		false,
		false,
		CFrame.new(1.5, 0.0875720978, 0.282669544, 1, -2.47118059e-08, -7.65571073e-09, 2.47118059e-08, 0.824857652, 0.565340221, -7.65571073e-09, -0.565340221, 0.824857771),
		CFrame.new(-1.5, 0.0924153328, -0.289610863, 1, -2.53185899e-08, 8.07917999e-09, 2.53185881e-08, 0.815169811, -0.579221785, 8.07917999e-09, 0.579221785, 0.81516993),
		CFrame.new(0.5, -1.89024174, 0.455488205, 1, -1.9910086e-08, -4.797716e-09, 1.9910086e-08, 0.890240908, 0.455489665, -4.797716e-09, -0.455489665, 0.890241027),
		CFrame.new(-0.5, -1.89134693, -0.453316689, 1, -1.9815106e-08, 4.74926765e-09, 1.98151078e-08, 0.891349316, -0.453316808, 4.74926765e-09, 0.453316808, 0.891349435),
	},
	{
		0.8172281000006478,
		false,
		false,
		CFrame.new(1.5, 0.101846457, 0.302444458, 1, -2.64405795e-08, -8.90361562e-09, 2.64405777e-08, 0.796308935, 0.604889929, -8.90361562e-09, -0.604889929, 0.796309054),
		CFrame.new(-1.5, 0.108536243, -0.31105566, 1, -2.71933764e-08, 9.48850598e-09, 2.71933747e-08, 0.782928169, -0.622111917, 9.48850598e-09, 0.622111917, 0.782928288),
		CFrame.new(0.5, -1.87013173, 0.492818832, 1, -2.1541867e-08, -5.67675684e-09, 2.15418687e-08, 0.870130837, 0.492820501, -5.67675684e-09, -0.492820501, 0.870130956),
		CFrame.new(-0.5, -1.86977637, -0.493441582, 1, -2.15690257e-08, 5.6921472e-09, 2.15690275e-08, 0.869778693, -0.49344182, 5.6921472e-09, 0.49344182, 0.869778812),
